[10, 10]
['Candidate Name', 37, 6, 334, 317, 26, 20, 'C', 0, 0]
['Mobile Number', 424, 201, 271, 122, 10, 16, 'C', 1, 0]
['Center Code', 567, 420, 50, 122, 10, 3, 'C', 1, 0]
['Roll Number', 641, 419, 66, 123, 10, 4, 'C', 1, 0]
['10th Marks', 576, 614, 32, 123, 10, 2, 'C', 1, 0]
['12th Marks', 658, 614, 32, 123, 10, 2, 'C', 1, 0]
['Category', 667, 784, 25, 39, 2, 1, 'C', 1, 1]
['A1_45', 75, 395, 67, 549, 45, 4, 'R', 0, 0]
['A46_90', 206, 395, 66, 548, 45, 4, 'R', 0, 0]
['A91_135', 336, 396, 67, 548, 45, 4, 'R', 0, 0]
['A136_180', 465, 395, 67, 549, 45, 4, 'R', 0, 0]
